825268358877
826941282637
825519319507
852302639137
777255220287
732460437887
871036562807
803085489317
796090818067
793591071257
722082818147
867347859797
795747039817
860959271357
846091932747
836920952097
765610721277
838979198367
808901635567
859587749097
872788191977
818786230657
854565266717
839271753407
849607036517
830090833027
722089337647
837786079717
823700218527
857058203157
851427812507
808327658787
831762292407
817533102517
859078686477
868012507777
862255759187
761224371587
853012211487
676525334487
857973731527
856287668467
858752510877
837329684627
807600985287
856290837947
853687310727
828481298867
859595412017
854461927627
676017455407
854579519347
797839117277
810659031987
850453608637
831518402927
852737941137
754431473847
850132728877
867281711947
